score = [5.9,456.8,471.7,476.8,562.5,456.2,505.3,492.3,489.5,514.5,515.3,534.2,696.7,578.1,629.3,
 608.6,665.2,699.7,660.4,607.0,750.2,754.9,780.4,770.5,838.9,778.6,810.0,845.8,1033.4,918.8,
 905.9,863.1,1033.9,994.0,1104.9,1098.4,943.4,1117.7,1026.5,825.3,1020.6,1223.2,1126.9,1050.3,
 1040.7,1027.5,1077.7,1311.7,1105.1,1122.7,1177.4,1103.0,951.0,1029.8,1096.0,1117.7,1406.3,
 1415.2,1482.1,1418.7,1650.0,1226.0]

[1.64,136.41,264.47,404.16,542.42,679.62,816.7,951.83,1083.55,1224.71,1365.82,1509.3,1661.84,1808.19,1960.33,
 2109.14,2264.49,2416.41,2570.38,2716.08,2873.84,3032.93,3187.48,3343.28,3506.81,3665.28,3823.59,3980.55,
 4148.47,4307.63,4467.72,4620.09,4781.12,4946.52,5113.7,5286.93,5439.81,5603.95,5755.62,5889.2,6044.93,
 6225.3,6395.36,6554.51,6714.67,6879.57,7050.13,7233.44,7401.87,7582.05,7756.64,7919.12,8066.85,8228.14,8388.66,
 8552.45,8738.09,8934.48,9128.55,9318.3,9525.26,9706.93]