[2.9,
 519.4,
 479.9,
 508.2,
 549.6,
 593.8,
 594.2,
 567.8,
 718.7,
 629.3,
 638.4,
 683.6,
 849.0,
 797.3,
 754.6,
 833.8,
 897.1,
 898.1,
 976.4,
 1029.6,
 940.8,
 996.1,
 1151.3,
 1116.6,
 1090.5,
 1294.6,
 1440.2,
 1498.2,
 1513.9,
 1635.4,
 1599.1,
 1799.0,
 2054.6,
 1989.5,
 2066.2,
 1960.7,
 2060.6,
 1786.2,
 2043.9,
 1942.4,
 1933.6,
 2156.3,
 2027.0,
 1960.5,
 2047.6,
 2156.6,
 2275.0,
 2240.2,
 2180.1,
 2363.1,
 2160.4,
 2147.8,
 2047.9,
 2138.4,
 2064.2,
 2086.7,
 2259.6,
 2205.9,
 2056.8,
 2127.6,
 2239.9,
 2282.5,
 2351.7,
 2248.1,
 2038.7,
 2138.8,
 2139.9,
 2136.6,
 2063.7,
 2237.3,
 2117.7,
 2293.2,
 2104.7,
 2136.4,
 2103.1,
 2134.7,
 2270.1,
 2251.2,
 2206.7,
 2097.9,
 2130.7,
 2254.6,
 2157.0,
 2199.8,
 2184.2,
 2140.5,
 2049.2,
 2116.2,
 2187.7,
 2175.7,
 2130.0,
 2084.6,
 2005.6,
 2147.4,
 2172.0,
 2218.4,
 2040.7,
 2116.4,
 2277.1,
 2037.2]

[1.12,140.69,131.75,
 136.35,
 138.62,
 146.07,
 143.24,
 140.81,
 153.49,
 149.86,
 143.91,
 152.29,
 161.64,
 156.7,
 153.55,
 158.45,
 159.12,
 161.23,
 167.77,
 174.47,
 161.36,
 165.5,
 166.33,
 177.35,
 169.12,
 177.38,
 190.69,
 188.39,
 188.49,
 197.35,
 193.24,
 200.81,
 215.11,
 207.99,
 212.87,
 214.15,
 217.02,
 199.82,
 222.38,
 208.17,
 209.12,
 224.89,
 211.82,
 213.79,
 213.41,
 220.65,
 223.98,
 224.74,
 222.38,
 223.82,
 218.54,
 228.1,
 226.42,
 222.36,
 224.05,
 216.36,
 227.25,
 230.34,
 218.5,
 219.42,
 231.49,
 223.02,
 228.76,
 224.6,
 223.61,
 223.58,
 230.83,
 221.09,
 218.46,
 218.58,
 219.03,
 222.19,
 217.14,
 221.38,
 227.83,
 217.08,
 219.85,
 224.57,
 222.23,
 216.44,
 224.89,
 225.57,
 229.46,
 222.19,
 222.68,
 222.94,
 219.36,
 227.66,
 229.7,
 221.84,
 223.82,
 220.61,
 222.0,
 224.08,
 228.04,
 224.86,
 224.96,
 220.27,
 230.7,
 213.43]