score = [3.4,483.3,505.5,531.5,516.6,511.2,608.6,609.6,601.2,630.3,608.7,
 746.2,761.1,764.5,723.2,848.2,859.7,994.5,958.7,914.3,972.9,1096.1,
 1194.6,1255.5,1227.3,1374.2,1551.5,1775.0,1601.1,1778.7,1669.5,2158.8,
 2038.6,1950.6,1816.8,1938.4,1934.7,2063.3,2046.3,1977.7,2121.6,2085.3,
 2193.4,1990.3,2228.8,2191.6,2137.4,2076.1,2096.5,2267.9,2174.9,2294.7,
 2439.5,2325.3,2145.1,2111.5,2394.1,2256.2,2257.8,2195.8,2179.7,2274.9,
 2256.7,2216.8,2217.7,2209.7,2069.0,2011.3,2062.0,2129.3,2346.8,2444.7,
 2373.8,2346.2,2245.7,2531.0,2411.4,2270.9,2258.0,2303.3,2389.7,2397.2,
 2396.0,2249.3,2267.1,2263.2,2321.6,2333.3,2464.0,2448.9,2591.8,2435.2,
 2486.0,2560.0,2480.4,2463.2,2312.2,2420.4,2489.5,2355.2]

[1.03,136.16,142.48,138.37,139.48,138.18,144.91,147.27,143.64,148.34,
 143.41,157.62,152.02,152.22,147.77,160.6,161.85,171.37,163.56,
 156.57,168.42,168.11,176.8,179.35,176.46,183.34,191.79,201.82,201.52,
 207.41,196.58,219.49,215.38,211.12,206.83,206.92,210.36,212.56,215.9,
 218.14,221.64,225.96,224.92,219.19,229.46,214.79,220.21,217.62,218.28,
 226.29,220.53,224.3,228.34,231.3,223.8,222.58,232.34,222.37,226.74,
 224.65,229.51,231.41,224.61,226.04,227.34,232.75,225.75,224.45,228.06,
 227.44,224.39,219.04,222.8,223.96,226.33,233.26,224.24,225.77,221.76,
 221.72,231.11,224.3,228.09,222.12,229.87,231.36,226.03,231.27,229.17,
 229.68,236.86,232.56,230.05,235.37,226.31,232.15,226.55,226.81,225.48,
 225.74]