score = [10.9,484.7,522.5,495.7,505.0,466.8,554.2,617.7,573.2,683.0,689.8,
 677.6,802.6,826.7,875.5,802.4,876.4,983.1,952.9,993.8,1072.1,1048.0,1163.9,
 1103.9,1174.1,1292.5,1426.8,1526.5,1512.9,1534.3,1768.5,1837.5,1873.7,1848.7,1843.3,1991.9,
 1905.5,1996.6,2037.1,2003.3,2095.4,2115.9,2186.8,2129.2,2161.2,2064.4,2075.5,2119.1,
 2220.9,2112.8,2088.8,2226.4,2135.6,2354.1,2241.0,2231.5,2355.8,2172.3,2212.9,
 2201.0,2190.3,2219.9,2185.5,2106.9,2135.3,2107.4,2166.0,2086.5,2161.6,2165.8,
 2190.8,2123.9,2003.3,2001.5,2099.3,2004.5,2202.3,2166.7,2162.5,2177.1,2107.2,
 2166.1,2203.1,2186.5,2207.6,2178.0,2057.5,2146.6,2145.6,2002.2,2192.2,2170.9,
 2387.9,2227.5,2316.9,2251.7,2209.0,2272.9,2104.2,2214.0]

its = [1.63,135.21,138.41,137.9,136.55,135.32,141.05,142.85,141.77,151.51,
 147.94,149.3,162.31,162.96,160.66,156.76,154.75,163.75,160.17,159.88,
 170.16,168.67,176.53,169.85,177.02,177.15,183.83,187.88,192.37,190.29,
 197.02,208.27,208.53,203.6,211.53,220.58,212.48,216.62,223.27,213.21,223.79,
 223.64,227.64,222.69,232.02,226.56,227.81,231.0,222.4,224.23,223.14,223.89,
 219.9,232.79,232.8,236.6,227.21,223.71,228.48,225.06,223.2,228.97,227.42,229.21,
 228.96,228.22,228.08,220.96,220.55,219.82,224.52,214.38,218.71,219.4,222.54,
 219.53,223.12,222.69,221.97,225.62,224.0,220.45,220.99,226.63,222.5,223.61,
 221.74,220.27,223.59,219.9,230.49,220.57,229.6,227.27,223.19,222.33,223.27,
 221.5,218.17,225.61]