score = [3.2,432.7,455.5,476.8,534.7,523.2,506.1,556.3,533.8,515.1,529.1,
 601.9,559.9,576.6,552.4,670.0,677.1,628.9,689.2,746.4,702.3,780.2,800.9,824.0,
 843.4,861.1,825.3,877.6,831.9,813.9,886.1,858.8,826.1,960.9,1072.9,860.6,908.1,
 899.2,863.8,883.2,873.1,935.3,969.1,898.6,901.4,1020.1,949.0,914.8,911.3,
 1034.9,967.2,995.3,975.6,908.1,1022.0,862.6,915.0,974.8,967.3,760.6,
 830.5,847.1,1043.9,1291.1,1420.5,1493.8]

 [0.87,133.96,266.75,402.18,547.14,688.88,826.18,968.38,1103.93,1242.4,1382.37,
 1528.78,1675.26,1818.92,1961.05,2114.03,2266.84,2416.0,2572.24,2732.97,2883.52,
 3047.87,3203.31,3360.89,3522.62,3686.76,3844.75,4003.04,4159.27,4315.52,4473.39,
 4633.27,4785.67,4947.91,5113.63,5268.34,5420.36,5570.84,5717.12,5868.24,6016.12,
 6161.48,6307.27,6452.3,6604.79,6766.55,6920.19,7064.97,7215.1,7369.8,7523.21,
 7678.12,7829.98,7976.2,8127.62,8269.67,8414.52,8564.99,8713.12,8849.12,
 8985.12,9127.32,9284.94,9458.62,9622.53,9799.2]
