score = [3.7,496.0,484.4,515.6,523.0,487.3,488.4,485.5,551.1,503.9,490.4,519.0,
 494.5,547.3,515.7,540.9,519.1,608.8,574.0,549.1,519.8,536.5,605.6,525.0,
 634.3,550.9,620.9,658.3,605.9,576.5,658.2,637.2,677.0,676.6,645.3,648.1,
 646.3,682.3,749.2,745.7,773.7,945.6,795.9,895.6,852.3,858.1,825.8,880.9,
 813.7,934.0,798.1,1021.8,1087.8,1157.6,1118.2,1007.3,1038.0,1034.6,1107.9,
 941.6,974.4,921.2,911.4,972.0,915.6,991.0,873.5,831.9,819.2,816.7,830.2,
 753.2,740.9,711.8,670.5,550.3]

 its = [0.92,139.24,274.33,413.13,551.32,682.05,813.12,945.44,1080.88,1215.91,
 1347.0,1482.17,1616.58,1753.05,1883.25,2017.57,2147.55,2284.27,2417.54,
 2552.85,2680.76,2809.68,2949.73,3079.34,3220.92,3351.93,3488.77,3623.3,
 3756.31,3890.51,4026.87,4161.51,4299.27,4437.98,4570.41,4707.39,4843.77,
 4981.47,5127.32,5272.63,5420.96,5569.41,5710.82,5872.92,6027.8,6184.66,6331.34,
 6480.3,6627.31,6780.68,6931.48,7090.6,7261.23,7433.86,7607.72,7778.54,7940.35,
 8110.36,8281.83,8442.83,8607.55,8769.04,8938.28,9107.36,9264.89,9435.98,9585.45,
 9738.23,9890.64,10045.86,10194.18,10343.87,10516.17,10689.46,10855.76,10997.28]
