score = [2.7,502.3,492.4,483.1,477.8,518.5,538.0,507.4,534.5,579.5,530.0,559.2,
 586.7,635.3,647.9,709.7,755.4,799.5,806.4,867.9,903.0,1037.5,1109.2,1107.1,
 1179.8,1172.4,1102.6,1221.3,1262.3,1289.1,1305.4,1240.1,1233.0,1120.6,1085.8,
 1166.8,1376.4,1291.4,1231.7,1302.2,1289.2,937.1,901.1,1011.2,971.1,1002.9,
 1531.4,1588.4,1591.8,1622.7,1478.7,1314.1,1174.9,1322.1,1919.2,1936.1,1168.1,1203.7,
 1243.0,1299.9,1166.4,1155.5,1143.9]

its = [1.15,137.79,134.7,135.15,135.43,140.37,141.23,140.58,141.36,151.49,135.86,
 147.22,146.0,154.54,153.62,156.46,168.49,175.04,163.69,176.38,172.82,179.83,
 184.96,181.79,192.54,185.14,171.83,181.1,186.64,190.89,188.34,186.01,180.21,
 168.71,172.93,179.12,177.99,177.82,182.75,182.88,181.85,152.37,146.26,155.28,
 145.57,154.81,184.45,178.53,179.1,175.35,165.2,167.99,156.93,169.1,188.4,
 197.8,170.07,164.47,166.62,170.21,181.68,163.43,167.65]
