score = [9.0,449.4,507.3,483.2,519.8,473.2,485.2,523.6,529.8,527.0,558.6,595.1,
 595.0,595.6,735.8,731.0,579.2,559.7,720.5,734.2,713.8,740.9,826.7,878.9,924.0,
 919.4,798.3,863.3,903.8,872.2,766.1,932.7,915.2,856.5,888.3,948.9,1119.2,1041.7,
 1069.0,1199.9,1113.6,1187.6,1080.0,1116.9,1168.9,1161.9,1126.4,1145.8,1206.5,
 1015.4,967.2,1081.4]

 [1.9,133.5,137.42,133.27,141.01,131.83,136.2,141.76,147.09,143.53,143.23,147.73,
  149.92,151.42,156.06,161.24,153.37,151.4,160.08,162.41,162.12,156.89,166.9,
  167.91,172.62,164.14,155.36,162.37,159.79,161.71,159.04,164.58,167.56,160.45,
  163.65,163.1,177.19,176.32,176.94,185.94,174.0,177.01,171.31,170.03,186.09,
  182.8,168.98,169.0,171.74,163.03,154.54,163.96]
