score = [4.1,442.2,518.8,527.0,482.8,511.9,497.5,526.4,545.6,511.4,557.4,
 559.5,542.3,664.9,700.8,673.8,831.2,788.8,833.6,869.6,865.0,945.5,1071.5,1107.9,
 1070.0,1164.9,988.7,1262.9,892.4,815.2,1282.1,812.5,881.2,1071.3,905.7,1093.6,
 1615.3,1671.3,1597.8,1490.7,1318.2,1200.1,1121.9,1129.6,1157.0,1196.7,1245.8,1266.1,1224.1,
 1307.9,1151.7,1359.5]
 
 its = [1.4,132.82,138.65,138.65,131.66,137.63,138.14,143.73,
 144.47,139.52,143.94,143.45,140.18,157.03,151.41,148.64,166.91,
 161.13,154.96,162.72,163.14,161.1,170.42,169.25,170.41,173.17,
 154.56,178.91,146.35,143.47,175.03,134.96,147.85,162.74,147.53,
 162.94,191.04,199.47,194.26,189.5,183.88,182.54,181.33,169.08,
 171.67,174.28,169.02,181.59,183.38,188.23,176.05,178.79]
